4D 54 68 64 00 00 00 06 00 00 00 01 01 E0 4D 54
72 6B 00 00 01 2D 00 FF 58 04 04 02 18 08 00 FF
59 02 FF 00 00 FF 51 03 07 A1 20 00 90 3C 60 78
80 3C 00 08 90 3C 60 78 80 3C 00 00 91 35 50 00
90 41 60 83 60 80 41 00 00 90 41 60 78 80 41 00
08 90 43 60 78 80 43 00 08 90 45 60 78 80 45 00
08 90 41 60 78 80 41 00 00 81 35 00 00 91 35 50
00 90 45 60 85 20 80 45 00 00 90 45 60 78 80 45
00 08 90 46 60 78 80 46 00 00 81 35 00 00 91 35
50 00 90 48 60 85 20 80 48 00 00 90 48 60 78 80
48 00 08 90 46 60 78 80 46 00 08 90 45 60 78 80
45 00 08 90 43 60 78 80 43 00 00 81 35 00 00 91
30 50 00 90 45 60 85 20 80 45 00 00 90 3A 60 78
80 3A 00 08 90 45 60 78 80 45 00 00 81 30 00 00
91 35 50 00 90 48 60 78 80 48 00 08 90 48 60 78
80 48 00 08 90 46 60 78 80 46 00 08 90 45 60 78
80 45 00 08 90 43 60 78 80 43 00 08 90 45 60 78
80 45 00 08 90 46 60 78 80 46 00 00 81 35 00 00
91 3A 50 00 90 4A 60 78 80 4A 00 08 90 46 60 78
80 46 00 08 90 4A 60 78 80 4A 00 08 90 48 60 78
80 48 00 08 90 46 60 78 80 46 00 08 90 43 60 78
80 43 00 00 81 3A 00 00 91 30 50 00 90 45 60 78
80 45 00 08 90 41 60 78 80 41 00 08 90 43 60 78
80 43 00 08 90 45 60 78 80 45 00 08 90 46 60 78
80 46 00 08 90 43 60 78 80 43 00 00 81 30 00 00
91 35 50 00 90 41 60 85 20 80 41 00 00 81 35 00
00 FF 2F 00